# This file may be used to create an environment using:
# $ conda create --name <env> --file <this file>
# platform: win-64
beautifulsoup4=4.9.3=pypi_0
bzip2=1.0.8=he774522_0
ca-certificates=2023.01.10=haa95532_0
certifi=2022.12.7=pypi_0
chardet=4.0.0=pypi_0
colorama=0.4.6=pypi_0
et-xmlfile=1.1.0=pypi_0
fpdf=1.7.2=pypi_0
idna=2.10=pypi_0
libffi=3.4.2=hd77b12b_6
numpy=1.24.2=pypi_0
openai=0.10.2=pypi_0
openpyxl=3.1.2=pypi_0
openssl=1.1.1t=h2bbff1b_0
pandas=2.0.0=pypi_0
pandas-stubs=2.0.0.230412=pypi_0
pip=23.0.1=py311haa95532_0
python=3.11.2=h966fe2a_0
python-dateutil=2.8.2=pypi_0
pytz=2023.3=pypi_0
requests=2.25.1=pypi_0
selenium=3.141.0=pypi_0
setuptools=66.0.0=py311haa95532_0
six=1.16.0=pypi_0
soupsieve=2.4.1=pypi_0
sqlite=3.41.2=h2bbff1b_0
tk=0.1.0=pypi_0
tqdm=4.65.0=pypi_0
types-pytz=2023.3.0.0=pypi_0
tzdata=2023.3=pypi_0
urllib3=1.26.15=pypi_0
vc=14.2=h21ff451_1
vs2015_runtime=14.27.29016=h5e58377_2
wheel=0.38.4=py311haa95532_0
xz=5.2.10=h8cc25b3_1
zlib=1.2.13=h8cc25b3_0
